2021/07/16-20:05:52.025087 7f764b1501c0 RocksDB version: 6.12.7
2021/07/16-20:05:52.025123 7f764b1501c0 Git sha rocksdb_build_git_sha:@0@
2021/07/16-20:05:52.025124 7f764b1501c0 Compile date Jan  1 1980
2021/07/16-20:05:52.025152 7f764b1501c0 DB SUMMARY
2021/07/16-20:05:52.025153 7f764b1501c0 DB Session ID:  86R2AI8ZU5TUYXV0B853
2021/07/16-20:05:52.025164 7f764b1501c0 SST files in /home/jorgen/Projects/alpha-deck/.dfx/state/replicated_state/node-100/ic_consensus_pool/consensus dir, Total Num: 0, files: 
2021/07/16-20:05:52.025165 7f764b1501c0 Write Ahead Log file in /home/jorgen/Projects/alpha-deck/.dfx/state/replicated_state/node-100/ic_consensus_pool/consensus: 
2021/07/16-20:05:52.025167 7f764b1501c0                         Options.error_if_exists: 0
2021/07/16-20:05:52.025167 7f764b1501c0                       Options.create_if_missing: 1
2021/07/16-20:05:52.025168 7f764b1501c0                         Options.paranoid_checks: 1
2021/07/16-20:05:52.025168 7f764b1501c0                                     Options.env: 0x556f8d461ba0
2021/07/16-20:05:52.025169 7f764b1501c0                                      Options.fs: Posix File System
2021/07/16-20:05:52.025170 7f764b1501c0                                Options.info_log: 0x7f764ac5f110
2021/07/16-20:05:52.025170 7f764b1501c0                Options.max_file_opening_threads: 16
2021/07/16-20:05:52.025171 7f764b1501c0                              Options.statistics: (nil)
2021/07/16-20:05:52.025171 7f764b1501c0                               Options.use_fsync: 1
2021/07/16-20:05:52.025172 7f764b1501c0                       Options.max_log_file_size: 0
2021/07/16-20:05:52.025172 7f764b1501c0                  Options.max_manifest_file_size: 1073741824
2021/07/16-20:05:52.025173 7f764b1501c0                   Options.log_file_time_to_roll: 0
2021/07/16-20:05:52.025173 7f764b1501c0                       Options.keep_log_file_num: 1000
2021/07/16-20:05:52.025174 7f764b1501c0                    Options.recycle_log_file_num: 0
2021/07/16-20:05:52.025174 7f764b1501c0                         Options.allow_fallocate: 1
2021/07/16-20:05:52.025175 7f764b1501c0                        Options.allow_mmap_reads: 0
2021/07/16-20:05:52.025175 7f764b1501c0                       Options.allow_mmap_writes: 0
2021/07/16-20:05:52.025176 7f764b1501c0                        Options.use_direct_reads: 0
2021/07/16-20:05:52.025176 7f764b1501c0                        Options.use_direct_io_for_flush_and_compaction: 0
2021/07/16-20:05:52.025177 7f764b1501c0          Options.create_missing_column_families: 1
2021/07/16-20:05:52.025177 7f764b1501c0                              Options.db_log_dir: 
2021/07/16-20:05:52.025178 7f764b1501c0                                 Options.wal_dir: /home/jorgen/Projects/alpha-deck/.dfx/state/replicated_state/node-100/ic_consensus_pool/consensus
2021/07/16-20:05:52.025178 7f764b1501c0                Options.table_cache_numshardbits: 6
2021/07/16-20:05:52.025179 7f764b1501c0                         Options.WAL_ttl_seconds: 0
2021/07/16-20:05:52.025179 7f764b1501c0                       Options.WAL_size_limit_MB: 0
2021/07/16-20:05:52.025180 7f764b1501c0                        Options.max_write_batch_group_size_bytes: 1048576
2021/07/16-20:05:52.025180 7f764b1501c0             Options.manifest_preallocation_size: 4194304
2021/07/16-20:05:52.025181 7f764b1501c0                     Options.is_fd_close_on_exec: 1
2021/07/16-20:05:52.025181 7f764b1501c0                   Options.advise_random_on_open: 1
2021/07/16-20:05:52.025182 7f764b1501c0                    Options.db_write_buffer_size: 0
2021/07/16-20:05:52.025182 7f764b1501c0                    Options.write_buffer_manager: 0x7f7648f6bfe0
2021/07/16-20:05:52.025183 7f764b1501c0         Options.access_hint_on_compaction_start: 1
2021/07/16-20:05:52.025183 7f764b1501c0  Options.new_table_reader_for_compaction_inputs: 0
2021/07/16-20:05:52.025184 7f764b1501c0           Options.random_access_max_buffer_size: 1048576
2021/07/16-20:05:52.025184 7f764b1501c0                      Options.use_adaptive_mutex: 0
2021/07/16-20:05:52.025185 7f764b1501c0                            Options.rate_limiter: (nil)
2021/07/16-20:05:52.025190 7f764b1501c0     Options.sst_file_manager.rate_bytes_per_sec: 0
2021/07/16-20:05:52.025191 7f764b1501c0                       Options.wal_recovery_mode: 2
2021/07/16-20:05:52.025191 7f764b1501c0                  Options.enable_thread_tracking: 0
2021/07/16-20:05:52.025192 7f764b1501c0                  Options.enable_pipelined_write: 0
2021/07/16-20:05:52.025192 7f764b1501c0                  Options.unordered_write: 0
2021/07/16-20:05:52.025193 7f764b1501c0         Options.allow_concurrent_memtable_write: 1
2021/07/16-20:05:52.025193 7f764b1501c0      Options.enable_write_thread_adaptive_yield: 1
2021/07/16-20:05:52.025194 7f764b1501c0             Options.write_thread_max_yield_usec: 100
2021/07/16-20:05:52.025194 7f764b1501c0            Options.write_thread_slow_yield_usec: 3
2021/07/16-20:05:52.025195 7f764b1501c0                               Options.row_cache: None
2021/07/16-20:05:52.025195 7f764b1501c0                              Options.wal_filter: None
2021/07/16-20:05:52.025196 7f764b1501c0             Options.avoid_flush_during_recovery: 0
2021/07/16-20:05:52.025196 7f764b1501c0             Options.allow_ingest_behind: 0
2021/07/16-20:05:52.025197 7f764b1501c0             Options.preserve_deletes: 0
2021/07/16-20:05:52.025197 7f764b1501c0             Options.two_write_queues: 0
2021/07/16-20:05:52.025198 7f764b1501c0             Options.manual_wal_flush: 0
2021/07/16-20:05:52.025198 7f764b1501c0             Options.atomic_flush: 0
2021/07/16-20:05:52.025199 7f764b1501c0             Options.avoid_unnecessary_blocking_io: 0
2021/07/16-20:05:52.025199 7f764b1501c0                 Options.persist_stats_to_disk: 0
2021/07/16-20:05:52.025200 7f764b1501c0                 Options.write_dbid_to_manifest: 0
2021/07/16-20:05:52.025200 7f764b1501c0                 Options.log_readahead_size: 0
2021/07/16-20:05:52.025201 7f764b1501c0                 Options.file_checksum_gen_factory: Unknown
2021/07/16-20:05:52.025201 7f764b1501c0                 Options.best_efforts_recovery: 0
2021/07/16-20:05:52.025202 7f764b1501c0                Options.max_bgerror_resume_count: 2147483647
2021/07/16-20:05:52.025202 7f764b1501c0            Options.bgerror_resume_retry_interval: 1000000
2021/07/16-20:05:52.025203 7f764b1501c0             Options.max_background_jobs: 2
2021/07/16-20:05:52.025203 7f764b1501c0             Options.max_background_compactions: -1
2021/07/16-20:05:52.025204 7f764b1501c0             Options.max_subcompactions: 1
2021/07/16-20:05:52.025204 7f764b1501c0             Options.avoid_flush_during_shutdown: 0
2021/07/16-20:05:52.025205 7f764b1501c0           Options.writable_file_max_buffer_size: 1048576
2021/07/16-20:05:52.025205 7f764b1501c0             Options.delayed_write_rate : 16777216
2021/07/16-20:05:52.025206 7f764b1501c0             Options.max_total_wal_size: 0
2021/07/16-20:05:52.025206 7f764b1501c0             Options.delete_obsolete_files_period_micros: 21600000000
2021/07/16-20:05:52.025207 7f764b1501c0                   Options.stats_dump_period_sec: 600
2021/07/16-20:05:52.025207 7f764b1501c0                 Options.stats_persist_period_sec: 600
2021/07/16-20:05:52.025208 7f764b1501c0                 Options.stats_history_buffer_size: 1048576
2021/07/16-20:05:52.025208 7f764b1501c0                          Options.max_open_files: -1
2021/07/16-20:05:52.025209 7f764b1501c0                          Options.bytes_per_sync: 0
2021/07/16-20:05:52.025209 7f764b1501c0                      Options.wal_bytes_per_sync: 0
2021/07/16-20:05:52.025210 7f764b1501c0                   Options.strict_bytes_per_sync: 0
2021/07/16-20:05:52.025210 7f764b1501c0       Options.compaction_readahead_size: 0
2021/07/16-20:05:52.025211 7f764b1501c0                  Options.max_background_flushes: -1
2021/07/16-20:05:52.025211 7f764b1501c0 Compression algorithms supported:
2021/07/16-20:05:52.025212 7f764b1501c0 	kZSTDNotFinalCompression supported: 1
2021/07/16-20:05:52.025215 7f764b1501c0 	kZSTD supported: 1
2021/07/16-20:05:52.025216 7f764b1501c0 	kXpressCompression supported: 0
2021/07/16-20:05:52.025216 7f764b1501c0 	kLZ4HCCompression supported: 1
2021/07/16-20:05:52.025220 7f764b1501c0 	kLZ4Compression supported: 1
2021/07/16-20:05:52.025220 7f764b1501c0 	kBZip2Compression supported: 1
2021/07/16-20:05:52.025221 7f764b1501c0 	kZlibCompression supported: 1
2021/07/16-20:05:52.025221 7f764b1501c0 	kSnappyCompression supported: 1
2021/07/16-20:05:52.025224 7f764b1501c0 Fast CRC32 supported: Supported on x86
2021/07/16-20:05:52.028006 7f764b1501c0 [db/db_impl/db_impl_open.cc:271] Creating manifest 1 
2021/07/16-20:05:52.036563 7f764b1501c0 [db/version_set.cc:4559] Recovering from manifest file: /home/jorgen/Projects/alpha-deck/.dfx/state/replicated_state/node-100/ic_consensus_pool/consensus/MANIFEST-000001
2021/07/16-20:05:52.036643 7f764b1501c0 [db/column_family.cc:578] --------------- Options for column family [default]:
2021/07/16-20:05:52.036645 7f764b1501c0               Options.comparator: leveldb.BytewiseComparator
2021/07/16-20:05:52.036646 7f764b1501c0           Options.merge_operator: None
2021/07/16-20:05:52.036646 7f764b1501c0        Options.compaction_filter: None
2021/07/16-20:05:52.036647 7f764b1501c0        Options.compaction_filter_factory: None
2021/07/16-20:05:52.036647 7f764b1501c0  Options.sst_partitioner_factory: None
2021/07/16-20:05:52.036648 7f764b1501c0         Options.memtable_factory: SkipListFactory
2021/07/16-20:05:52.036649 7f764b1501c0            Options.table_factory: BlockBasedTable
2021/07/16-20:05:52.036667 7f764b1501c0            table_factory options:   flush_block_policy_factory: FlushBlockBySizePolicyFactory (0x7f7648ffe050)
  cache_index_and_filter_blocks: 0
  cache_index_and_filter_blocks_with_high_priority: 1
  pin_l0_filter_and_index_blocks_in_cache: 0
  pin_top_level_index_and_filter: 1
  index_type: 0
  data_block_index_type: 0
  index_shortening: 1
  data_block_hash_table_util_ratio: 0.750000
  hash_index_allow_collision: 1
  checksum: 1
  no_block_cache: 0
  block_cache: 0x7f76406f5110
  block_cache_name: LRUCache
  block_cache_options:
    capacity : 8388608
    num_shard_bits : 4
    strict_capacity_limit : 0
    memory_allocator : None
    high_pri_pool_ratio: 0.000
  block_cache_compressed: (nil)
  persistent_cache: (nil)
  block_size: 4096
  block_size_deviation: 10
  block_restart_interval: 16
  index_block_restart_interval: 1
  metadata_block_size: 4096
  partition_filters: 0
  use_delta_encoding: 1
  filter_policy: nullptr
  whole_key_filtering: 1
  verify_compression: 0
  read_amp_bytes_per_bit: 0
  format_version: 4
  enable_index_compression: 1
  block_align: 0
2021/07/16-20:05:52.036670 7f764b1501c0        Options.write_buffer_size: 67108864
2021/07/16-20:05:52.036671 7f764b1501c0  Options.max_write_buffer_number: 2
2021/07/16-20:05:52.036672 7f764b1501c0          Options.compression: Snappy
2021/07/16-20:05:52.036672 7f764b1501c0                  Options.bottommost_compression: Disabled
2021/07/16-20:05:52.036673 7f764b1501c0       Options.prefix_extractor: nullptr
2021/07/16-20:05:52.036673 7f764b1501c0   Options.memtable_insert_with_hint_prefix_extractor: nullptr
2021/07/16-20:05:52.036674 7f764b1501c0             Options.num_levels: 7
2021/07/16-20:05:52.036674 7f764b1501c0        Options.min_write_buffer_number_to_merge: 1
2021/07/16-20:05:52.036675 7f764b1501c0     Options.max_write_buffer_number_to_maintain: 0
2021/07/16-20:05:52.036675 7f764b1501c0     Options.max_write_buffer_size_to_maintain: 0
2021/07/16-20:05:52.036676 7f764b1501c0            Options.bottommost_compression_opts.window_bits: -14
2021/07/16-20:05:52.036676 7f764b1501c0                  Options.bottommost_compression_opts.level: 32767
2021/07/16-20:05:52.036677 7f764b1501c0               Options.bottommost_compression_opts.strategy: 0
2021/07/16-20:05:52.036677 7f764b1501c0         Options.bottommost_compression_opts.max_dict_bytes: 0
2021/07/16-20:05:52.036678 7f764b1501c0         Options.bottommost_compression_opts.zstd_max_train_bytes: 0
2021/07/16-20:05:52.036678 7f764b1501c0         Options.bottommost_compression_opts.parallel_threads: 1
2021/07/16-20:05:52.036679 7f764b1501c0                  Options.bottommost_compression_opts.enabled: false
2021/07/16-20:05:52.036715 7f764b1501c0            Options.compression_opts.window_bits: -14
2021/07/16-20:05:52.036716 7f764b1501c0                  Options.compression_opts.level: 32767
2021/07/16-20:05:52.036717 7f764b1501c0               Options.compression_opts.strategy: 0
2021/07/16-20:05:52.036717 7f764b1501c0         Options.compression_opts.max_dict_bytes: 0
2021/07/16-20:05:52.036718 7f764b1501c0         Options.compression_opts.zstd_max_train_bytes: 0
2021/07/16-20:05:52.036718 7f764b1501c0         Options.compression_opts.parallel_threads: 1
2021/07/16-20:05:52.036719 7f764b1501c0                  Options.compression_opts.enabled: false
2021/07/16-20:05:52.036719 7f764b1501c0      Options.level0_file_num_compaction_trigger: 4
2021/07/16-20:05:52.036720 7f764b1501c0          Options.level0_slowdown_writes_trigger: 20
2021/07/16-20:05:52.036720 7f764b1501c0              Options.level0_stop_writes_trigger: 36
2021/07/16-20:05:52.036721 7f764b1501c0                   Options.target_file_size_base: 67108864
2021/07/16-20:05:52.036721 7f764b1501c0             Options.target_file_size_multiplier: 1
2021/07/16-20:05:52.036722 7f764b1501c0                Options.max_bytes_for_level_base: 268435456
2021/07/16-20:05:52.036722 7f764b1501c0 Options.level_compaction_dynamic_level_bytes: 0
2021/07/16-20:05:52.036723 7f764b1501c0          Options.max_bytes_for_level_multiplier: 10.000000
2021/07/16-20:05:52.036724 7f764b1501c0 Options.max_bytes_for_level_multiplier_addtl[0]: 1
2021/07/16-20:05:52.036725 7f764b1501c0 Options.max_bytes_for_level_multiplier_addtl[1]: 1
2021/07/16-20:05:52.036725 7f764b1501c0 Options.max_bytes_for_level_multiplier_addtl[2]: 1
2021/07/16-20:05:52.036726 7f764b1501c0 Options.max_bytes_for_level_multiplier_addtl[3]: 1
2021/07/16-20:05:52.036726 7f764b1501c0 Options.max_bytes_for_level_multiplier_addtl[4]: 1
2021/07/16-20:05:52.036727 7f764b1501c0 Options.max_bytes_for_level_multiplier_addtl[5]: 1
2021/07/16-20:05:52.036727 7f764b1501c0 Options.max_bytes_for_level_multiplier_addtl[6]: 1
2021/07/16-20:05:52.036728 7f764b1501c0       Options.max_sequential_skip_in_iterations: 8
2021/07/16-20:05:52.036728 7f764b1501c0                    Options.max_compaction_bytes: 1677721600
2021/07/16-20:05:52.036729 7f764b1501c0                        Options.arena_block_size: 8388608
2021/07/16-20:05:52.036729 7f764b1501c0   Options.soft_pending_compaction_bytes_limit: 68719476736
2021/07/16-20:05:52.036730 7f764b1501c0   Options.hard_pending_compaction_bytes_limit: 274877906944
2021/07/16-20:05:52.036730 7f764b1501c0       Options.rate_limit_delay_max_milliseconds: 100
2021/07/16-20:05:52.036731 7f764b1501c0                Options.disable_auto_compactions: 0
2021/07/16-20:05:52.036732 7f764b1501c0                        Options.compaction_style: kCompactionStyleLevel
2021/07/16-20:05:52.036733 7f764b1501c0                          Options.compaction_pri: kMinOverlappingRatio
2021/07/16-20:05:52.036733 7f764b1501c0 Options.compaction_options_universal.size_ratio: 1
2021/07/16-20:05:52.036734 7f764b1501c0 Options.compaction_options_universal.min_merge_width: 2
2021/07/16-20:05:52.036734 7f764b1501c0 Options.compaction_options_universal.max_merge_width: 4294967295
2021/07/16-20:05:52.036735 7f764b1501c0 Options.compaction_options_universal.max_size_amplification_percent: 200
2021/07/16-20:05:52.036735 7f764b1501c0 Options.compaction_options_universal.compression_size_percent: -1
2021/07/16-20:05:52.036736 7f764b1501c0 Options.compaction_options_universal.stop_style: kCompactionStopStyleTotalSize
2021/07/16-20:05:52.036736 7f764b1501c0 Options.compaction_options_fifo.max_table_files_size: 1073741824
2021/07/16-20:05:52.036737 7f764b1501c0 Options.compaction_options_fifo.allow_compaction: 0
2021/07/16-20:05:52.036741 7f764b1501c0                   Options.table_properties_collectors: 
2021/07/16-20:05:52.036741 7f764b1501c0                   Options.inplace_update_support: 0
2021/07/16-20:05:52.036742 7f764b1501c0                 Options.inplace_update_num_locks: 10000
2021/07/16-20:05:52.036748 7f764b1501c0               Options.memtable_prefix_bloom_size_ratio: 0.000000
2021/07/16-20:05:52.036749 7f764b1501c0               Options.memtable_whole_key_filtering: 0
2021/07/16-20:05:52.036750 7f764b1501c0   Options.memtable_huge_page_size: 0
2021/07/16-20:05:52.036750 7f764b1501c0                           Options.bloom_locality: 0
2021/07/16-20:05:52.036751 7f764b1501c0                    Options.max_successive_merges: 0
2021/07/16-20:05:52.036751 7f764b1501c0                Options.optimize_filters_for_hits: 0
2021/07/16-20:05:52.036752 7f764b1501c0                Options.paranoid_file_checks: 0
2021/07/16-20:05:52.036752 7f764b1501c0                Options.force_consistency_checks: 0
2021/07/16-20:05:52.036753 7f764b1501c0                Options.report_bg_io_stats: 0
2021/07/16-20:05:52.036753 7f764b1501c0                               Options.ttl: 2592000
2021/07/16-20:05:52.036754 7f764b1501c0          Options.periodic_compaction_seconds: 0
2021/07/16-20:05:52.038191 7f764b1501c0 [db/version_set.cc:4708] Recovered from manifest file:/home/jorgen/Projects/alpha-deck/.dfx/state/replicated_state/node-100/ic_consensus_pool/consensus/MANIFEST-000001 succeeded,manifest_file_number is 1, next_file_number is 3, last_sequence is 0, log_number is 0,prev_log_number is 0,max_column_family is 0,min_log_number_to_keep is 0
2021/07/16-20:05:52.038197 7f764b1501c0 [db/version_set.cc:4724] Column family [default] (ID 0), log number is 0
2021/07/16-20:05:52.038297 7f764b1501c0 [db/version_set.cc:3949] Creating manifest 4
2021/07/16-20:05:52.048186 7f764b1501c0 [db/column_family.cc:578] --------------- Options for column family [RB]:
2021/07/16-20:05:52.048190 7f764b1501c0               Options.comparator: leveldb.BytewiseComparator
2021/07/16-20:05:52.048191 7f764b1501c0           Options.merge_operator: None
2021/07/16-20:05:52.048192 7f764b1501c0        Options.compaction_filter: filter_outdated
2021/07/16-20:05:52.048193 7f764b1501c0        Options.compaction_filter_factory: None
2021/07/16-20:05:52.048193 7f764b1501c0  Options.sst_partitioner_factory: None
2021/07/16-20:05:52.048194 7f764b1501c0         Options.memtable_factory: SkipListFactory
2021/07/16-20:05:52.048194 7f764b1501c0            Options.table_factory: BlockBasedTable
2021/07/16-20:05:52.048210 7f764b1501c0            table_factory options:   flush_block_policy_factory: FlushBlockBySizePolicyFactory (0x7f764ac08f28)
  cache_index_and_filter_blocks: 0
  cache_index_and_filter_blocks_with_high_priority: 1
  pin_l0_filter_and_index_blocks_in_cache: 0
  pin_top_level_index_and_filter: 1
  index_type: 0
  data_block_index_type: 0
  index_shortening: 1
  data_block_hash_table_util_ratio: 0.750000
  hash_index_allow_collision: 1
  checksum: 1
  no_block_cache: 0
  block_cache: 0x7f7648f90b10
  block_cache_name: LRUCache
  block_cache_options:
    capacity : 8388608
    num_shard_bits : 4
    strict_capacity_limit : 0
    memory_allocator : None
    high_pri_pool_ratio: 0.000
  block_cache_compressed: (nil)
  persistent_cache: (nil)
  block_size: 4096
  block_size_deviation: 10
  block_restart_interval: 16
  index_block_restart_interval: 1
  metadata_block_size: 4096
  partition_filters: 0
  use_delta_encoding: 1
  filter_policy: nullptr
  whole_key_filtering: 1
  verify_compression: 0
  read_amp_bytes_per_bit: 0
  format_version: 4
  enable_index_compression: 1
  block_align: 0
2021/07/16-20:05:52.048212 7f764b1501c0        Options.write_buffer_size: 67108864
2021/07/16-20:05:52.048212 7f764b1501c0  Options.max_write_buffer_number: 2
2021/07/16-20:05:52.048213 7f764b1501c0          Options.compression: NoCompression
2021/07/16-20:05:52.048213 7f764b1501c0                  Options.bottommost_compression: Disabled
2021/07/16-20:05:52.048214 7f764b1501c0       Options.prefix_extractor: nullptr
2021/07/16-20:05:52.048215 7f764b1501c0   Options.memtable_insert_with_hint_prefix_extractor: nullptr
2021/07/16-20:05:52.048215 7f764b1501c0             Options.num_levels: 7
2021/07/16-20:05:52.048216 7f764b1501c0        Options.min_write_buffer_number_to_merge: 1
2021/07/16-20:05:52.048216 7f764b1501c0     Options.max_write_buffer_number_to_maintain: 0
2021/07/16-20:05:52.048217 7f764b1501c0     Options.max_write_buffer_size_to_maintain: 0
2021/07/16-20:05:52.048217 7f764b1501c0            Options.bottommost_compression_opts.window_bits: -14
2021/07/16-20:05:52.048218 7f764b1501c0                  Options.bottommost_compression_opts.level: 32767
2021/07/16-20:05:52.048218 7f764b1501c0               Options.bottommost_compression_opts.strategy: 0
2021/07/16-20:05:52.048219 7f764b1501c0         Options.bottommost_compression_opts.max_dict_bytes: 0
2021/07/16-20:05:52.048219 7f764b1501c0         Options.bottommost_compression_opts.zstd_max_train_bytes: 0
2021/07/16-20:05:52.048220 7f764b1501c0         Options.bottommost_compression_opts.parallel_threads: 1
2021/07/16-20:05:52.048220 7f764b1501c0                  Options.bottommost_compression_opts.enabled: false
2021/07/16-20:05:52.048221 7f764b1501c0            Options.compression_opts.window_bits: -14
2021/07/16-20:05:52.048221 7f764b1501c0                  Options.compression_opts.level: 32767
2021/07/16-20:05:52.048222 7f764b1501c0               Options.compression_opts.strategy: 0
2021/07/16-20:05:52.048222 7f764b1501c0         Options.compression_opts.max_dict_bytes: 0
2021/07/16-20:05:52.048223 7f764b1501c0         Options.compression_opts.zstd_max_train_bytes: 0
2021/07/16-20:05:52.048223 7f764b1501c0         Options.compression_opts.parallel_threads: 1
2021/07/16-20:05:52.048224 7f764b1501c0                  Options.compression_opts.enabled: false
2021/07/16-20:05:52.048234 7f764b1501c0      Options.level0_file_num_compaction_trigger: 4
2021/07/16-20:05:52.048235 7f764b1501c0          Options.level0_slowdown_writes_trigger: 20
2021/07/16-20:05:52.048235 7f764b1501c0              Options.level0_stop_writes_trigger: 36
2021/07/16-20:05:52.048236 7f764b1501c0                   Options.target_file_size_base: 67108864
2021/07/16-20:05:52.048236 7f764b1501c0             Options.target_file_size_multiplier: 1
2021/07/16-20:05:52.048237 7f764b1501c0                Options.max_bytes_for_level_base: 268435456
2021/07/16-20:05:52.048237 7f764b1501c0 Options.level_compaction_dynamic_level_bytes: 0
2021/07/16-20:05:52.048238 7f764b1501c0          Options.max_bytes_for_level_multiplier: 10.000000
2021/07/16-20:05:52.048239 7f764b1501c0 Options.max_bytes_for_level_multiplier_addtl[0]: 1
2021/07/16-20:05:52.048240 7f764b1501c0 Options.max_bytes_for_level_multiplier_addtl[1]: 1
2021/07/16-20:05:52.048240 7f764b1501c0 Options.max_bytes_for_level_multiplier_addtl[2]: 1
2021/07/16-20:05:52.048241 7f764b1501c0 Options.max_bytes_for_level_multiplier_addtl[3]: 1
2021/07/16-20:05:52.048241 7f764b1501c0 Options.max_bytes_for_level_multiplier_addtl[4]: 1
2021/07/16-20:05:52.048242 7f764b1501c0 Options.max_bytes_for_level_multiplier_addtl[5]: 1
2021/07/16-20:05:52.048242 7f764b1501c0 Options.max_bytes_for_level_multiplier_addtl[6]: 1
2021/07/16-20:05:52.048243 7f764b1501c0       Options.max_sequential_skip_in_iterations: 8
2021/07/16-20:05:52.048243 7f764b1501c0                    Options.max_compaction_bytes: 1677721600
2021/07/16-20:05:52.048244 7f764b1501c0                        Options.arena_block_size: 8388608
2021/07/16-20:05:52.048244 7f764b1501c0   Options.soft_pending_compaction_bytes_limit: 68719476736
2021/07/16-20:05:52.048245 7f764b1501c0   Options.hard_pending_compaction_bytes_limit: 274877906944
2021/07/16-20:05:52.048245 7f764b1501c0       Options.rate_limit_delay_max_milliseconds: 100
2021/07/16-20:05:52.048246 7f764b1501c0                Options.disable_auto_compactions: 1
2021/07/16-20:05:52.048247 7f764b1501c0                        Options.compaction_style: kCompactionStyleLevel
2021/07/16-20:05:52.048247 7f764b1501c0                          Options.compaction_pri: kMinOverlappingRatio
2021/07/16-20:05:52.048248 7f764b1501c0 Options.compaction_options_universal.size_ratio: 1
2021/07/16-20:05:52.048248 7f764b1501c0 Options.compaction_options_universal.min_merge_width: 2
2021/07/16-20:05:52.048249 7f764b1501c0 Options.compaction_options_universal.max_merge_width: 4294967295
2021/07/16-20:05:52.048249 7f764b1501c0 Options.compaction_options_universal.max_size_amplification_percent: 200
2021/07/16-20:05:52.048250 7f764b1501c0 Options.compaction_options_universal.compression_size_percent: -1
2021/07/16-20:05:52.048250 7f764b1501c0 Options.compaction_options_universal.stop_style: kCompactionStopStyleTotalSize
2021/07/16-20:05:52.048251 7f764b1501c0 Options.compaction_options_fifo.max_table_files_size: 1073741824
2021/07/16-20:05:52.048251 7f764b1501c0 Options.compaction_options_fifo.allow_compaction: 0
2021/07/16-20:05:52.048255 7f764b1501c0                   Options.table_properties_collectors: 
2021/07/16-20:05:52.048255 7f764b1501c0                   Options.inplace_update_support: 0
2021/07/16-20:05:52.048256 7f764b1501c0                 Options.inplace_update_num_locks: 10000
2021/07/16-20:05:52.048256 7f764b1501c0               Options.memtable_prefix_bloom_size_ratio: 0.000000
2021/07/16-20:05:52.048257 7f764b1501c0               Options.memtable_whole_key_filtering: 0
2021/07/16-20:05:52.048258 7f764b1501c0   Options.memtable_huge_page_size: 0
2021/07/16-20:05:52.048258 7f764b1501c0                           Options.bloom_locality: 0
2021/07/16-20:05:52.048259 7f764b1501c0                    Options.max_successive_merges: 0
2021/07/16-20:05:52.048259 7f764b1501c0                Options.optimize_filters_for_hits: 0
2021/07/16-20:05:52.048260 7f764b1501c0                Options.paranoid_file_checks: 0
2021/07/16-20:05:52.048260 7f764b1501c0                Options.force_consistency_checks: 0
2021/07/16-20:05:52.048264 7f764b1501c0                Options.report_bg_io_stats: 0
2021/07/16-20:05:52.048265 7f764b1501c0                               Options.ttl: 2592000
2021/07/16-20:05:52.048265 7f764b1501c0          Options.periodic_compaction_seconds: 2592000
2021/07/16-20:05:52.048290 7f764b1501c0 [db/db_impl/db_impl.cc:2561] Created column family [RB] (ID 1)
2021/07/16-20:05:52.053255 7f764b1501c0 [db/column_family.cc:578] --------------- Options for column family [FZ]:
2021/07/16-20:05:52.053260 7f764b1501c0               Options.comparator: leveldb.BytewiseComparator
2021/07/16-20:05:52.053261 7f764b1501c0           Options.merge_operator: None
2021/07/16-20:05:52.053262 7f764b1501c0        Options.compaction_filter: filter_outdated
2021/07/16-20:05:52.053262 7f764b1501c0        Options.compaction_filter_factory: None
2021/07/16-20:05:52.053263 7f764b1501c0  Options.sst_partitioner_factory: None
2021/07/16-20:05:52.053263 7f764b1501c0         Options.memtable_factory: SkipListFactory
2021/07/16-20:05:52.053264 7f764b1501c0            Options.table_factory: BlockBasedTable
2021/07/16-20:05:52.053277 7f764b1501c0            table_factory options:   flush_block_policy_factory: FlushBlockBySizePolicyFactory (0x7f764ac08f40)
  cache_index_and_filter_blocks: 0
  cache_index_and_filter_blocks_with_high_priority: 1
  pin_l0_filter_and_index_blocks_in_cache: 0
  pin_top_level_index_and_filter: 1
  index_type: 0
  data_block_index_type: 0
  index_shortening: 1
  data_block_hash_table_util_ratio: 0.750000
  hash_index_allow_collision: 1
  checksum: 1
  no_block_cache: 0
  block_cache: 0x7f7648ff7390
  block_cache_name: LRUCache
  block_cache_options:
    capacity : 8388608
    num_shard_bits : 4
    strict_capacity_limit : 0
    memory_allocator : None
    high_pri_pool_ratio: 0.000
  block_cache_compressed: (nil)
  persistent_cache: (nil)
  block_size: 4096
  block_size_deviation: 10
  block_restart_interval: 16
  index_block_restart_interval: 1
  metadata_block_size: 4096
  partition_filters: 0
  use_delta_encoding: 1
  filter_policy: nullptr
  whole_key_filtering: 1
  verify_compression: 0
  read_amp_bytes_per_bit: 0
  format_version: 4
  enable_index_compression: 1
  block_align: 0
2021/07/16-20:05:52.053278 7f764b1501c0        Options.write_buffer_size: 67108864
2021/07/16-20:05:52.053279 7f764b1501c0  Options.max_write_buffer_number: 2
2021/07/16-20:05:52.053279 7f764b1501c0          Options.compression: NoCompression
2021/07/16-20:05:52.053280 7f764b1501c0                  Options.bottommost_compression: Disabled
2021/07/16-20:05:52.053280 7f764b1501c0       Options.prefix_extractor: nullptr
2021/07/16-20:05:52.053281 7f764b1501c0   Options.memtable_insert_with_hint_prefix_extractor: nullptr
2021/07/16-20:05:52.053281 7f764b1501c0             Options.num_levels: 7
2021/07/16-20:05:52.053282 7f764b1501c0        Options.min_write_buffer_number_to_merge: 1
2021/07/16-20:05:52.053282 7f764b1501c0     Options.max_write_buffer_number_to_maintain: 0
2021/07/16-20:05:52.053283 7f764b1501c0     Options.max_write_buffer_size_to_maintain: 0
2021/07/16-20:05:52.053283 7f764b1501c0            Options.bottommost_compression_opts.window_bits: -14
2021/07/16-20:05:52.053284 7f764b1501c0                  Options.bottommost_compression_opts.level: 32767
2021/07/16-20:05:52.053284 7f764b1501c0               Options.bottommost_compression_opts.strategy: 0
2021/07/16-20:05:52.053285 7f764b1501c0         Options.bottommost_compression_opts.max_dict_bytes: 0
2021/07/16-20:05:52.053285 7f764b1501c0         Options.bottommost_compression_opts.zstd_max_train_bytes: 0
2021/07/16-20:05:52.053286 7f764b1501c0         Options.bottommost_compression_opts.parallel_threads: 1
2021/07/16-20:05:52.053286 7f764b1501c0                  Options.bottommost_compression_opts.enabled: false
2021/07/16-20:05:52.053287 7f764b1501c0            Options.compression_opts.window_bits: -14
2021/07/16-20:05:52.053287 7f764b1501c0                  Options.compression_opts.level: 32767
2021/07/16-20:05:52.053288 7f764b1501c0               Options.compression_opts.strategy: 0
2021/07/16-20:05:52.053288 7f764b1501c0         Options.compression_opts.max_dict_bytes: 0
2021/07/16-20:05:52.053289 7f764b1501c0         Options.compression_opts.zstd_max_train_bytes: 0
2021/07/16-20:05:52.053289 7f764b1501c0         Options.compression_opts.parallel_threads: 1
2021/07/16-20:05:52.053290 7f764b1501c0                  Options.compression_opts.enabled: false
2021/07/16-20:05:52.053297 7f764b1501c0      Options.level0_file_num_compaction_trigger: 4
2021/07/16-20:05:52.053298 7f764b1501c0          Options.level0_slowdown_writes_trigger: 20
2021/07/16-20:05:52.053298 7f764b1501c0              Options.level0_stop_writes_trigger: 36
2021/07/16-20:05:52.053299 7f764b1501c0                   Options.target_file_size_base: 67108864
2021/07/16-20:05:52.053299 7f764b1501c0             Options.target_file_size_multiplier: 1
2021/07/16-20:05:52.053300 7f764b1501c0                Options.max_bytes_for_level_base: 268435456
2021/07/16-20:05:52.053300 7f764b1501c0 Options.level_compaction_dynamic_level_bytes: 0
2021/07/16-20:05:52.053301 7f764b1501c0          Options.max_bytes_for_level_multiplier: 10.000000
2021/07/16-20:05:52.053302 7f764b1501c0 Options.max_bytes_for_level_multiplier_addtl[0]: 1
2021/07/16-20:05:52.053303 7f764b1501c0 Options.max_bytes_for_level_multiplier_addtl[1]: 1
2021/07/16-20:05:52.053303 7f764b1501c0 Options.max_bytes_for_level_multiplier_addtl[2]: 1
2021/07/16-20:05:52.053304 7f764b1501c0 Options.max_bytes_for_level_multiplier_addtl[3]: 1
2021/07/16-20:05:52.053304 7f764b1501c0 Options.max_bytes_for_level_multiplier_addtl[4]: 1
2021/07/16-20:05:52.053305 7f764b1501c0 Options.max_bytes_for_level_multiplier_addtl[5]: 1
2021/07/16-20:05:52.053305 7f764b1501c0 Options.max_bytes_for_level_multiplier_addtl[6]: 1
2021/07/16-20:05:52.053306 7f764b1501c0       Options.max_sequential_skip_in_iterations: 8
2021/07/16-20:05:52.053306 7f764b1501c0                    Options.max_compaction_bytes: 1677721600
2021/07/16-20:05:52.053307 7f764b1501c0                        Options.arena_block_size: 8388608
2021/07/16-20:05:52.053307 7f764b1501c0   Options.soft_pending_compaction_bytes_limit: 68719476736
2021/07/16-20:05:52.053308 7f764b1501c0   Options.hard_pending_compaction_bytes_limit: 274877906944
2021/07/16-20:05:52.053308 7f764b1501c0       Options.rate_limit_delay_max_milliseconds: 100
2021/07/16-20:05:52.053309 7f764b1501c0                Options.disable_auto_compactions: 1
2021/07/16-20:05:52.053310 7f764b1501c0                        Options.compaction_style: kCompactionStyleLevel
2021/07/16-20:05:52.053310 7f764b1501c0                          Options.compaction_pri: kMinOverlappingRatio
2021/07/16-20:05:52.053311 7f764b1501c0 Options.compaction_options_universal.size_ratio: 1
2021/07/16-20:05:52.053311 7f764b1501c0 Options.compaction_options_universal.min_merge_width: 2
2021/07/16-20:05:52.053312 7f764b1501c0 Options.compaction_options_universal.max_merge_width: 4294967295
2021/07/16-20:05:52.053312 7f764b1501c0 Options.compaction_options_universal.max_size_amplification_percent: 200
2021/07/16-20:05:52.053313 7f764b1501c0 Options.compaction_options_universal.compression_size_percent: -1
2021/07/16-20:05:52.053313 7f764b1501c0 Options.compaction_options_universal.stop_style: kCompactionStopStyleTotalSize
2021/07/16-20:05:52.053314 7f764b1501c0 Options.compaction_options_fifo.max_table_files_size: 1073741824
2021/07/16-20:05:52.053314 7f764b1501c0 Options.compaction_options_fifo.allow_compaction: 0
2021/07/16-20:05:52.053316 7f764b1501c0                   Options.table_properties_collectors: 
2021/07/16-20:05:52.053317 7f764b1501c0                   Options.inplace_update_support: 0
2021/07/16-20:05:52.053318 7f764b1501c0                 Options.inplace_update_num_locks: 10000
2021/07/16-20:05:52.053318 7f764b1501c0               Options.memtable_prefix_bloom_size_ratio: 0.000000
2021/07/16-20:05:52.053319 7f764b1501c0               Options.memtable_whole_key_filtering: 0
2021/07/16-20:05:52.053319 7f764b1501c0   Options.memtable_huge_page_size: 0
2021/07/16-20:05:52.053320 7f764b1501c0                           Options.bloom_locality: 0
2021/07/16-20:05:52.053320 7f764b1501c0                    Options.max_successive_merges: 0
2021/07/16-20:05:52.053321 7f764b1501c0                Options.optimize_filters_for_hits: 0
2021/07/16-20:05:52.053321 7f764b1501c0                Options.paranoid_file_checks: 0
2021/07/16-20:05:52.053322 7f764b1501c0                Options.force_consistency_checks: 0
2021/07/16-20:05:52.053326 7f764b1501c0                Options.report_bg_io_stats: 0
2021/07/16-20:05:52.053326 7f764b1501c0                               Options.ttl: 2592000
2021/07/16-20:05:52.053327 7f764b1501c0          Options.periodic_compaction_seconds: 2592000
2021/07/16-20:05:52.053343 7f764b1501c0 [db/db_impl/db_impl.cc:2561] Created column family [FZ] (ID 2)
2021/07/16-20:05:52.058319 7f764b1501c0 [db/column_family.cc:578] --------------- Options for column family [NZ]:
2021/07/16-20:05:52.058325 7f764b1501c0               Options.comparator: leveldb.BytewiseComparator
2021/07/16-20:05:52.058326 7f764b1501c0           Options.merge_operator: None
2021/07/16-20:05:52.058327 7f764b1501c0        Options.compaction_filter: filter_outdated
2021/07/16-20:05:52.058328 7f764b1501c0        Options.compaction_filter_factory: None
2021/07/16-20:05:52.058328 7f764b1501c0  Options.sst_partitioner_factory: None
2021/07/16-20:05:52.058329 7f764b1501c0         Options.memtable_factory: SkipListFactory
2021/07/16-20:05:52.058329 7f764b1501c0            Options.table_factory: BlockBasedTable
2021/07/16-20:05:52.058343 7f764b1501c0            table_factory options:   flush_block_policy_factory: FlushBlockBySizePolicyFactory (0x7f764ac08f58)
  cache_index_and_filter_blocks: 0
  cache_index_and_filter_blocks_with_high_priority: 1
  pin_l0_filter_and_index_blocks_in_cache: 0
  pin_top_level_index_and_filter: 1
  index_type: 0
  data_block_index_type: 0
  index_shortening: 1
  data_block_hash_table_util_ratio: 0.750000
  hash_index_allow_collision: 1
  checksum: 1
  no_block_cache: 0
  block_cache: 0x7f7648ff7c10
  block_cache_name: LRUCache
  block_cache_options:
    capacity : 8388608
    num_shard_bits : 4
    strict_capacity_limit : 0
    memory_allocator : None
    high_pri_pool_ratio: 0.000
  block_cache_compressed: (nil)
  persistent_cache: (nil)
  block_size: 4096
  block_size_deviation: 10
  block_restart_interval: 16
  index_block_restart_interval: 1
  metadata_block_size: 4096
  partition_filters: 0
  use_delta_encoding: 1
  filter_policy: nullptr
  whole_key_filtering: 1
  verify_compression: 0
  read_amp_bytes_per_bit: 0
  format_version: 4
  enable_index_compression: 1
  block_align: 0
2021/07/16-20:05:52.058345 7f764b1501c0        Options.write_buffer_size: 67108864
2021/07/16-20:05:52.058345 7f764b1501c0  Options.max_write_buffer_number: 2
2021/07/16-20:05:52.058346 7f764b1501c0          Options.compression: NoCompression
2021/07/16-20:05:52.058346 7f764b1501c0                  Options.bottommost_compression: Disabled
2021/07/16-20:05:52.058347 7f764b1501c0       Options.prefix_extractor: nullptr
2021/07/16-20:05:52.058347 7f764b1501c0   Options.memtable_insert_with_hint_prefix_extractor: nullptr
2021/07/16-20:05:52.058348 7f764b1501c0             Options.num_levels: 7
2021/07/16-20:05:52.058349 7f764b1501c0        Options.min_write_buffer_number_to_merge: 1
2021/07/16-20:05:52.058349 7f764b1501c0     Options.max_write_buffer_number_to_maintain: 0
2021/07/16-20:05:52.058350 7f764b1501c0     Options.max_write_buffer_size_to_maintain: 0
2021/07/16-20:05:52.058351 7f764b1501c0            Options.bottommost_compression_opts.window_bits: -14
2021/07/16-20:05:52.058351 7f764b1501c0                  Options.bottommost_compression_opts.level: 32767
2021/07/16-20:05:52.058352 7f764b1501c0               Options.bottommost_compression_opts.strategy: 0
2021/07/16-20:05:52.058352 7f764b1501c0         Options.bottommost_compression_opts.max_dict_bytes: 0
2021/07/16-20:05:52.058353 7f764b1501c0         Options.bottommost_compression_opts.zstd_max_train_bytes: 0
2021/07/16-20:05:52.058353 7f764b1501c0         Options.bottommost_compression_opts.parallel_threads: 1
2021/07/16-20:05:52.058354 7f764b1501c0                  Options.bottommost_compression_opts.enabled: false
2021/07/16-20:05:52.058354 7f764b1501c0            Options.compression_opts.window_bits: -14
2021/07/16-20:05:52.058355 7f764b1501c0                  Options.compression_opts.level: 32767
2021/07/16-20:05:52.058355 7f764b1501c0               Options.compression_opts.strategy: 0
2021/07/16-20:05:52.058356 7f764b1501c0         Options.compression_opts.max_dict_bytes: 0
2021/07/16-20:05:52.058357 7f764b1501c0         Options.compression_opts.zstd_max_train_bytes: 0
2021/07/16-20:05:52.058357 7f764b1501c0         Options.compression_opts.parallel_threads: 1
2021/07/16-20:05:52.058358 7f764b1501c0                  Options.compression_opts.enabled: false
2021/07/16-20:05:52.058366 7f764b1501c0      Options.level0_file_num_compaction_trigger: 4
2021/07/16-20:05:52.058367 7f764b1501c0          Options.level0_slowdown_writes_trigger: 20
2021/07/16-20:05:52.058367 7f764b1501c0              Options.level0_stop_writes_trigger: 36
2021/07/16-20:05:52.058368 7f764b1501c0                   Options.target_file_size_base: 67108864
2021/07/16-20:05:52.058368 7f764b1501c0             Options.target_file_size_multiplier: 1
2021/07/16-20:05:52.058369 7f764b1501c0                Options.max_bytes_for_level_base: 268435456
